21

6
0 0
10668 0
10668 5110
7798 5110
7798 1014
0 1014

6
0 1014
2619 1014
2619 4260
7798 4260
7798 5110
0 5110

6
2620 1014
2892 1014
2928 1443
3026 1653
2752 1514
2620 1509

7
3077 1014
3117 1412
3277 1686
3781 1399
4254 1573
4596 1424
4594 1014

8
2620 1694
3050 1926
3049 2284
3287 2330
3280 2595
2988 2475
2763 2300
2620 2298

8
2620 2478
2972 2727
3370 2864
3662 2992
3590 3293
3287 3378
2974 3287
2620 3437

5
2620 3937
2966 3930
3134 3972
2996 4260
2620 4260

6
3190 4260
3348 4005
4004 3644
3725 4133
3481 4159
3375 4260

7
3820 4260
3949 4148
4178 3697
4455 3922
5037 3989
4943 4146
4949 4260

7
4228 3320
4210 3469
4472 3722
4710 3320
5015 3370
5023 3230
4627 3201

12
5270 3215
5723 3261
5843 3113
6364 3115
6756 3431
6876 3671
7100 4260
5912 4259
5624 3961
5336 4022
5350 3835
5178 3302

7
3337 1873
3561 1798
3533 2092
3776 2370
3506 2552
3476 2157
3297 2138

9
3939 1643
4264 1747
4599 1568
4713 1978
4451 2157
4513 2477
4023 2278
3807 2012
3815 1739

12
3634 2723
4024 2516
4581 2765
4749 2536
4938 2459
5055 2489
5197 2661
5046 2769
5031 3036
4609 3043
3830 3247
3913 2895

4
5098 3131
5137 3093
5151 3105
5118 3142

7
5464 2677
5941 2231
6222 2607
6325 2887
5973 2901
5703 2826
5542 2849

8
6516 2792
6977 2601
7096 2933
7195 2993
7198 3221
7014 3212
6745 3096
6521 2925

8
7134 3548
7150 3406
7306 3373
7587 3462
7798 3539
7798 4260
7358 4260
7285 4056

12
4899 1014
6419 1014
6459 1534
5573 2341
5489 2165
5266 2041
5082 2072
4907 2018
4912 1926
4822 1699
4803 1153
4899 1014

13
7005 2248
7258 2139
7337 1800
7558 1945
7588 2004
7485 2142
7717 2187
7502 2373
7415 2677
7543 2818
7286 2914
7227 2855
7054 2475

8
6774 1534
6986 1535
7055 1658
7216 1792
7236 1857
7169 2086
7026 2139
6885 1834

41
6997 1266
7034 1284
7066 1277
7173 1273
7297 1267
7353 1279
7437 1318
7478 1324
7517 1342
7539 1342
7551 1352
7572 1354
7640 1387
7688 1396
7798 1470
7798 1489
7706 1427
7689 1416
7639 1405
7595 1378
7574 1378
7566 1367
7537 1364
7528 1356
7506 1357
7493 1343
7474 1343
7446 1336
7435 1331
7416 1328
7356 1299
7302 1286
7201 1286
7179 1295
7058 1294
7047 1303
7011 1295
6990 1283
